3 -9.93833558231071e-11 -8.48100968959358e-11 1.82019032118617e-12
4 -1.69486723095107e-10 -4.58617633203358e-11 1.39938557010086e-10
5 -8.68824200701071e-11 -8.59341458469358e-11 1.57966984936086e-10
6 -2.25482436687071e-11 1.43269566522742e-11 1.04290617533086e-10
7 1.55952718000929e-11 -5.61279695643582e-12 -2.48265525179138e-11
8 6.43524709368929e-11 1.13284296553964e-10 5.58118280085862e-11
9 8.85645983488929e-11 4.02159367950642e-11 4.64953594072862e-11
10 1.30226568787693e-10 1.44523631397064e-10 -1.07487599146614e-10
11 1.43483032899893e-10 9.04500867011642e-11 -4.95209617492138e-11
12 1.78374658096893e-10 9.96474841771642e-11 -7.69570001475138e-11
13 -3.15979473813071e-11 -1.27153742460358e-11 -9.45167856260383e-12
14 -1.70972958878107e-10 7.48780579056419e-12 8.56947048002862e-11
15 -8.62543428811071e-11 -5.95175113966358e-11 2.29631579784086e-10
16 -1.27541274645107e-10 -8.90545162779358e-11 1.13353405862086e-10
17 -6.28534541391071e-11 -4.26121441666358e-11 8.20628366087862e-11
18 1.55606848487929e-11 -3.27268659450358e-11 6.77487063914862e-11
20 2.29754058092893e-10 8.86820341368642e-11 3.23400487153862e-11
21 1.59124713076893e-10 7.31475006091642e-11 -5.62621526137138e-11
22 2.66747398312893e-10 1.85278865652064e-10 -6.44129603718138e-11
23 1.75186973861893e-10 9.23546562925642e-11 -6.43150871302138e-11
24 8.37422945776929e-11 4.06467424913642e-11 -9.25189904331138e-11
25 4.25064348708829e-11 8.17025252616642e-11 -3.02571640262138e-11
26 -2.45536406911071e-11 -2.53201582683581e-12 1.52178151670086e-10
27 -3.69652285444071e-11 -8.59274429089358e-11 1.51195190681086e-10
28 -8.60582706341071e-11 -1.58611073555936e-10 1.04508896597086e-10
29 1.09002752530929e-11 -3.95839242210358e-11 5.72898731963862e-11
30 1.32323791567093e-10 -3.75026310922358e-11 4.56765784872862e-11
31 1.58394441730893e-10 2.50362052846419e-12 -1.98722500547338e-11
32 2.53980092854893e-10 6.43456659428642e-11 -1.51527552007338e-11
33 3.29985898689893e-10 1.33858452705064e-10 -1.16859867713914e-10
34 3.41753786579893e-10 9.01881521088642e-11 -1.39756495005914e-10
35 3.31188960551893e-10 8.31405859033642e-11 -7.46304976590138e-11
36 1.44308739352893e-10 1.81933509801742e-11 -1.15015746325914e-10
37 -1.83523345460713e-12 -5.67378064770358e-11 2.27991210753862e-11
38 1.63394583817929e-11 -7.46771237980358e-11 1.49515508845086e-10
39 -3.91015486038071e-11 -6.25804693836358e-11 1.91387533835086e-10
40 -6.32001596761071e-11 -6.70675696996358e-11 1.27301280281086e-10
41 -5.35882169172071e-11 -1.42907289357936e-10 1.23940884116086e-10
42 5.40488041330829e-11 -3.92579074033358e-11 -2.36406130521138e-11
43 8.33092063747929e-11 1.94222258370942e-11 -7.99920498013138e-11
44 1.84189101731893e-10 5.60392247841642e-11 -8.89954224048138e-11
45 2.25786728036893e-10 1.71146524192064e-10 -5.63276345237138e-11
46 2.49573925411893e-10 2.07200500214064e-10 -1.56874911358914e-10
47 1.78835491268893e-10 1.01210191723464e-10 -1.22138909942914e-10
48 2.27516160191893e-10 1.20981614619164e-10 -5.56602558219138e-11
49 -4.02328047480071e-11 -2.29957291615358e-11 -4.31277264750138e-11
50 -6.56894460691071e-11 -5.57567850059358e-11 9.98766226170862e-11
51 -1.11995171939107e-10 -9.65343241849358e-11 1.94646191145086e-10
52 -1.56255547332107e-10 -1.29489077022936e-10 5.86493136203862e-11
53 -1.59666690907127e-13 -6.29772783350358e-11 9.13442459900862e-11
54 6.86070283951929e-11 4.25607225006419e-12 1.64926453516862e-11
55 1.20163161561493e-10 1.32780690287064e-10 1.73343943322862e-11
56 1.81637273582893e-10 1.32523059792064e-10 -2.83449731960138e-11
57 2.50123514807893e-10 1.37690795514064e-10 -1.31094976560238e-11
58 2.37750742734893e-10 1.30910884947064e-10 -8.79977857074138e-11
59 2.07818972089893e-10 9.21931509360642e-11 -1.04879531663414e-10
60 1.35597959266393e-10 5.49389339251642e-11 -4.86551359923138e-11
61 -6.32038728870713e-12 -1.48163015266358e-11 7.64097464432862e-11
62 -7.51480638441071e-11 -1.79537002909358e-11 1.49738331055086e-10
63 -1.21138690345107e-10 -7.67757739333358e-11 2.19625564080086e-10
64 -1.46011471990107e-10 -1.24937723556936e-10 1.29248307259086e-10
65 -1.06013624177107e-10 -6.78088121500358e-11 9.52735670680862e-11
66 -2.68682296245071e-11 1.88901913037742e-11 -4.13092382178383e-12
67 4.29580930959529e-11 2.56098670141842e-11 -2.95671050854138e-11
68 1.07090797141693e-10 1.06273383786564e-10 -7.48588827442138e-11
69 1.93502737393893e-10 1.47116225406064e-10 -1.01816870164514e-10
70 2.04711571478893e-10 1.88435110881064e-10 -1.36443713043914e-10
71 1.67092671103893e-10 1.69743135182064e-10 -1.71034996523914e-10
72 8.43157144510929e-11 6.84541457407642e-11 -1.67393535916914e-10
73 -4.66985375340713e-12 2.50137621805042e-11 -5.05575084316138e-11
74 -5.08787102238071e-11 2.95793834457542e-11 9.28070610790862e-11
75 -7.13532011961071e-11 -7.70113438048358e-11 1.36078920145086e-10
76 -1.29197170368107e-10 -9.79101345319358e-11 5.94138616611862e-11
77 -8.05852811721071e-11 -9.30669575529358e-11 1.03807843538086e-10
78 1.27734097882929e-11 -2.59804002861358e-11 -6.06246537538383e-12
79 8.28033689190929e-11 4.54414628811642e-11 -5.92626871258138e-11
80 6.34133882142929e-11 4.55145372896642e-11 -7.71531182004138e-11
81 1.52044942627893e-10 1.47227296800064e-10 -1.38677105035914e-10
82 1.73331120162893e-10 1.84134102748064e-10 -1.83778125780914e-10
83 1.87171302050893e-10 1.26654684316064e-10 -2.34114959740914e-10
84 7.56900265801929e-11 5.60810813959642e-11 -1.98442505430914e-10
85 -5.31336735839071e-11 3.79970097050642e-11 -9.52479457674138e-11
86 -1.31338031168107e-10 -7.33251263431358e-11 2.29652249580862e-11
87 -1.73403890780107e-10 -3.09071914473358e-11 5.92693150575862e-11
88 -1.65338100205107e-10 -8.62013780579358e-11 5.82160313853862e-11
89 -1.35949103855107e-10 -7.28980197204358e-11 3.72850407338617e-12
90 -5.78333057781071e-11 -4.11264003029358e-11 -3.84272082491138e-11
91 6.05251155832929e-11 1.10763914560764e-10 -4.83408934703138e-11
92 1.22327050101929e-11 1.27515105970064e-10 -1.14409009821914e-10
93 5.61964813522929e-11 1.56836359122064e-10 -1.14648836499914e-10
94 8.74868659654929e-11 1.40349993682064e-10 -1.39809543772914e-10
95 1.57600740970893e-10 1.16933222955864e-10 -5.43887318288138e-11
96 3.18010851083929e-11 -1.21249676765358e-11 -1.03689353234914e-10
97 -9.18068063161071e-11 -9.86775258133581e-12 -5.92373689960138e-11
98 -1.31516839307107e-10 -6.59681285803358e-11 6.11183562412862e-11
99 -1.64918487033107e-10 -1.39953614882936e-10 1.57977068680086e-10
100 -1.40593377934107e-10 -1.24806444601936e-10 1.82626969407086e-10
101 -9.91976895191071e-11 -9.72656523419358e-11 1.12487166372086e-10
102 -8.89267405507129e-13 -1.68595991204358e-11 1.06992346188086e-10
103 1.06099482312893e-10 8.90009883445642e-11 -2.60425396432138e-11
104 1.26991256927293e-10 9.14253364615642e-11 -1.60776182162914e-10
105 1.79314277046893e-10 1.00237430404164e-10 -1.42300037205914e-10
106 9.42268862466929e-11 6.38342416067642e-11 -1.92461826394914e-10
107 -1.18441393858107e-10 -5.08133239903358e-11 -2.84536540769138e-11
108 -1.70159388923107e-10 -1.19261503587936e-10 7.98561581848862e-11
109 -2.25274223816107e-10 -1.66141085029936e-10 1.95453763548086e-10
110 -2.36150934688107e-10 -1.44788174830936e-10 1.86201319564086e-10
111 -2.57324106991107e-10 -1.04090300763936e-10 1.78416996403086e-10
112 -1.60523835063107e-10 -4.33086187222358e-11 1.74867406831862e-11
113 -1.14044229718107e-10 6.94661660226418e-12 3.51598850891862e-11
114 -6.18416134111071e-11 1.17878429206642e-11 -1.00866567611314e-10
115 3.93158883813629e-11 2.93723748838542e-11 -1.33802017963914e-10
116 1.99242281620929e-11 -4.43634447142358e-11 -1.42990508618914e-10
117 -9.33958924971071e-11 -4.49646921171358e-11 -1.68435923124914e-10
118 -2.09093616451107e-10 -8.70951735819358e-11 1.51655449995862e-11
119 -3.12911898658107e-10 -1.67421894063936e-10 8.75885454407862e-11
120 -3.27262949834107e-10 -1.55447024462936e-10 2.24541080944086e-10
121 -2.00180278148107e-10 -1.72435379495936e-10 1.78237631789086e-10
122 -1.75355512237107e-10 -1.29675275005936e-10 8.95778282110862e-11
123 -1.00399824965107e-10 -5.58350134503358e-11 8.68697202962862e-11
124 -4.65715334348071e-11 -3.78033957933358e-11 -2.02461486537838e-11
125 4.42090787162079e-11 8.79387228297642e-11 -1.00083893903514e-10
126 3.53921321831629e-11 1.30638848139142e-11 -1.26457024759914e-10
127 -5.54380836851071e-11 -2.95597815143581e-12 -9.42090771051138e-11
128 -2.26560381974107e-10 -9.83350022899358e-11 -1.42521160995138e-11
129 -2.66991359251107e-10 -1.19687921026936e-10 1.03708392176086e-10
130 -1.23223147361107e-10 -1.40526673592936e-10 9.53525082610862e-11
131 -9.98448322361071e-11 -1.46054610912936e-10 5.25228235102862e-11
132 9.27393222509287e-12 -2.39617119418358e-11 -1.14481296731383e-12
133 7.98319451582929e-11 1.24236001202064e-10 -4.60185843425138e-11
134 -1.46191476660713e-12 8.46659227093642e-11 -1.73355499475914e-10
135 4.94878829434029e-11 5.15810798822642e-11 -9.57370718427138e-11
136 -4.34915257267071e-11 3.39809007182642e-11 -1.42409049410914e-10
137 -2.53567496791107e-10 -8.10997204189358e-11 2.93041597533862e-11
138 -3.18010130191107e-10 -1.48862267950936e-10 8.92013372290862e-11
139 -2.69933917568107e-10 -1.66211036897936e-10 1.21932205313086e-10
140 -2.02899799634107e-10 -1.27784355643936e-10 1.09075330305086e-10
141 -1.28307910181107e-10 -6.93005316640358e-11 2.33900850766862e-11
142 -3.12380439055071e-11 -7.21377175567358e-11 -4.00202167907138e-11
143 2.33549550139287e-12 -4.65261590982358e-11 -1.05033188118414e-10
144 7.46613928503929e-11 4.05295330872642e-11 -1.24485952097914e-10
