1 1.74007546056582e-10
2 1.77887546056257e-10
3 -1.83822453949083e-10
4 -9.69624539622245e-11
5 2.49975460253279e-11
6 -9.22453953500213e-13
7 9.3917546049177e-11
8 1.25257546034537e-10
9 1.71057546057528e-10
10 1.66697546012066e-10
11 9.34875460465584e-11
12 5.28575460310987e-11
13 -1.39162453967074e-10
14 -1.81892453952458e-10
15 -8.87324539474051e-11
16 -1.1848245399116e-10
17 2.6617546057886e-11
18 9.65775460363798e-11
19 1.29907546037641e-10
20 1.53687546033694e-10
21 9.14175460591665e-11
22 8.06075460286354e-11
23 5.10875460316661e-11
24 -4.5992453985913e-11
25 -1.24142453966376e-10
26 -9.73724539584178e-11
27 -1.0194245399003e-10
28 -4.03624539390204e-11
29 -1.09724539567105e-11
30 1.86207546018675e-10
31 1.96617546029121e-10
32 1.93527546039299e-10
33 1.90647546035629e-10
34 1.3741754603799e-10
35 1.25957546042582e-10
36 1.40907546047897e-10
37 -1.00442453941814e-10
38 -1.00032453945621e-10
39 -9.51724539563666e-11
40 -3.74924539656672e-11
41 2.58175460177146e-11
42 2.51017546050274e-10
43 1.87397546048615e-10
44 1.76827546040977e-10
45 1.38577546031186e-10
46 1.20597546055326e-10
47 2.3237546056213e-11
48 4.06375460083701e-11
49 -1.3010245398376e-10
50 -3.60224539541938e-11
51 -8.36924539545335e-11
52 -8.08124539508626e-11
53 1.0891754604345e-10
54 9.88675460402398e-11
55 7.58775460540408e-11
56 1.95847546025692e-10
57 2.22027546033839e-10
58 1.302075460256e-10
59 1.01487546014592e-10
60 1.18257546008298e-10
61 -1.17224539537136e-11
62 -1.23252453978605e-10
63 -1.03722453965571e-10
64 -5.76924539500041e-11
65 -1.09224539677523e-11
66 8.21375460593847e-11
67 7.63375460391923e-11
68 7.70175460408119e-11
69 8.66675460239365e-11
70 1.75697546030314e-10
71 1.10807546027224e-10
72 -4.25624539410717e-11
73 -1.46212453982272e-10
74 -1.703924539442e-10
75 -1.28952453966671e-10
76 -1.64852453953326e-10
77 -4.06024539619139e-11
78 4.58775460112845e-11
79 8.76175460309825e-11
80 1.3724754601048e-10
81 7.81775460340084e-11
82 5.59075460080695e-11
83 7.03875460521253e-11
84 9.00275460191842e-11
85 -4.02324539785712e-11
86 -9.63724539624136e-11
87 -1.19112453949612e-10
88 -1.6152453940349e-11
89 6.02575460232138e-11
90 1.56577546013472e-10
91 2.15377546038727e-10
92 1.7545754600742e-10
93 8.92475460396482e-11
94 5.13575460370924e-11
95 7.57075460265308e-11
96 -8.1362453992033e-11
97 -2.40492453967671e-10
98 -2.33192453953472e-10
99 -1.48322453982514e-10
100 -1.94512453941063e-10
101 -8.08424539876056e-11
102 1.92357546015785e-10
103 1.2070754600935e-10
104 5.66375460528575e-11
105 3.62175460520524e-11
106 -2.14624539928571e-11
107 -1.11632453986005e-10
108 -1.29612453961866e-10
109 -1.39912453964077e-10
110 -1.69202453968471e-10
111 -1.47424539481515e-11
112 -4.93824539636936e-11
113 1.27575460503841e-11
114 6.99575460495067e-11
115 2.4575460481728e-12
116 -4.9732453940611e-11
117 -4.99324539506539e-11
118 -2.66702453958351e-10
119 -2.50702453968073e-10
120 -2.29162453986922e-10
121 -1.20824539609488e-11
122 5.8967546015358e-11
123 3.20175460579927e-11
124 1.81754605940374e-12
125 3.88754604679561e-12
126 -3.30124539900736e-11
127 -1.67324539640523e-11
128 -2.0843245396784e-10
129 -1.85982453992494e-10
130 -8.27524539778052e-11
131 8.34375460433481e-11
132 4.34375460405499e-11
133 -1.13124539575203e-11
134 -2.26024539796282e-11
135 1.93275460197949e-11
136 -9.88824539827418e-11
137 -2.23092453961304e-10
138 -1.79102453950596e-10
139 -1.72392453990419e-10
140 4.4175460273306e-12
141 -6.54124539907139e-11
142 -6.72245397369264e-12
143 -1.60824539449655e-11
144 -8.67624539921397e-11
146 -2.44112453992237e-10
